%YAML:1.0
---
opencv_lbphfaces:
   threshold: 0.
   radius: 1
   neighbors: 1
   grid_x: 5
   grid_y: 5
   histograms:
      - !!opencv-matrix
         rows: 1
         cols: 50
         dt: f
         data: [ 0.451595455, 0.548404515, 0.239048123, 0.760951877,
             0.366684675, 0.633315265, 0.555976212, 0.444023788,
             0.443482965, 0.556517005, 0.418604642, 0.581395328,
             0.489994586, 0.510005414, 0.289345592, 0.710654378,
             0.606814504, 0.393185496, 0.454840451, 0.545159519,
             0.33531639, 0.66468358, 0.439156294, 0.560843706,
             0.42617631, 0.57382369, 0.454299599, 0.545700371,
             0.283937246, 0.716062725, 0.369388849, 0.630611122,
             0.435370475, 0.564629495, 0.5170362, 0.482963741,
             0.401838839, 0.598161161, 0.152514875, 0.847485125,
             0.310438067, 0.689561903, 0.282314748, 0.717685223,
             0.414818823, 0.585181177, 0.281233102, 0.718766868,
             0.121687397, 0.878312588 ]
      - !!opencv-matrix
         rows: 1
         cols: 50
         dt: f
         data: [ 0.403461337, 0.596538663, 0.230935633, 0.769064367,
             0.391562998, 0.608437002, 0.548404515, 0.451595455,
             0.486749589, 0.513250411, 0.457003772, 0.542996228,
             0.413196325, 0.586803675, 0.470524609, 0.529475391,
             0.45862627, 0.54137373, 0.443482965, 0.556517005,
             0.367225528, 0.632774472, 0.422390461, 0.577609479,
             0.473769605, 0.526230395, 0.374797195, 0.625202775,
             0.39805299, 0.60194701, 0.339643031, 0.660356939,
             0.42617631, 0.57382369, 0.510546207, 0.489453763,
             0.447268784, 0.552731216, 0.387236327, 0.612763643,
             0.421849638, 0.578150332, 0.3899405, 0.6100595, 0.495402902,
             0.504597068, 0.445105463, 0.554894507, 0.358572185,
             0.641427815 ]
   labels: !!opencv-matrix
      rows: 2
      cols: 1
      dt: i
      data: [ 118032, 118032 ]
   labelsInfo:
      []
